date,revenue,salary,rent,marketing,utilities,other,expenses
2025-01-01,15000,5000,2000,1000,800,700,9500
2025-01-02,16000,5200,2000,1200,800,600,9800
2025-01-03,17000,5200,2000,1500,900,700,10300
2025-01-04,15500,5000,2000,1000,850,650,9500
2025-01-05,18000,5500,2000,1300,900,800,10500
2025-01-06,20000,6000,2200,1500,950,850,11500
2025-01-07,17500,5500,2000,1100,900,750,10250
2025-01-08,21000,6200,2200,1800,1000,900,12100
2025-01-09,22000,6500,2200,1500,1000,900,12100
2025-01-10,20500,6200,2200,1400,1000,800,11600
2025-01-11,23000,6800,2500,1700,1100,900,13000
2025-01-12,24000,7000,2500,1800,1100,1000,13400
2025-01-13,22500,6800,2500,1500,1000,900,12700
2025-01-14,25000,7200,2500,2000,1200,1100,14000
2025-01-15,26000,7500,2600,2100,1200,1100,14500
2025-01-16,25500,7500,2600,1900,1200,1000,14200
2025-01-17,27000,7800,2600,2200,1300,1200,15100
2025-01-18,26500,7800,2600,2000,1300,1100,14800
2025-01-19,28000,8000,2800,2200,1300,1200,15500
2025-01-20,30000,8500,3000,2500,1400,1300,16700
2025-01-21,29000,8300,3000,2200,1400,1200,16100
2025-01-22,31000,8800,3000,2600,1500,1300,17200
2025-01-23,32000,9000,3200,2700,1500,1400,17800
2025-01-24,31500,9000,3200,2500,1500,1300,17500
2025-01-25,33000,9300,3200,2800,1600,1500,18400
2025-01-26,35000,9800,3500,3000,1700,1500,19500
2025-01-27,34000,9600,3500,2800,1700,1400,19000
2025-01-28,36000,10000,3500,3200,1800,1600,20100
2025-01-29,37000,10200,3500,3300,1800,1600,20400
2025-01-30,36500,10200,3500,3000,1800,1500,20000
